=== MAPED BARYCENTRIC CHEBYSHEV DIFFERENTIATION MATRIX METHOD (Coffey-Evans) ===
N                    = 501
alpha                = 1
beta                 = 30
Interval             = [-π/2, π/2]
q(x)                 = -2β cos(2x) + β² sin²(2x)
Boundary conditions  = y(-π/2) = y(π/2) = 0
Number of eigenvalues = 501

     k                   lambda
------     --------------------
     1             0.0000000000
     2           117.9463076621
     3           231.6649293129
     4           232.8777675235
     5           232.8777723556
     6           340.8882998096
     7           445.2831723025
     8           446.9094016871
     9           446.9094081697
    10           544.4183851505
    11           637.7040833167
    12           639.4594398948
    13           639.4597551138
    14           724.2577144317
    15           801.4281487732
    16           804.0869897399
    17           805.2993072347
    18           869.0175309664
    19           910.0144814563
    20           926.9953717508
    21           952.7911406061
    22           993.3740261870
    23          1033.3051277970
    24          1074.5832478156
    25          1119.3632136699
    26          1166.9765355619
    27          1216.9645860756
    28          1269.3121417649
    29          1323.9875804402
    30          1380.9322978346
    31          1440.1036222004
    32          1501.4702743338
    33          1565.0064328083
    34          1630.6905004179
    35          1698.5045472743
    36          1768.4334262360
    37          1840.4643454232
    38          1914.5862990880
    39          1990.7898951248
    40          2069.0669305127
    41          2149.4103553356
    42          2231.8139243576
    43          2316.2722493283
    44          2402.7804889563
    45          2491.3344628843
    46          2581.9303585290
    47          2674.5648917598
    48          2769.2350175203
    49          2865.9381285257
    50          2964.6717612740
    51          3065.4338276596
    52          3168.2223107086
    53          3273.0355261342
    54          3379.8718037759
    55          3488.7297774327
    56          3599.6080490072
    57          3712.5055057867
    58          3827.4209649464
    59          3944.3535179913
    60          4063.3021536984
    61          4184.2661297968
    62          4307.2445727117
    63          4432.2368768097
    64          4559.2422794970
    65          4688.2602885321
    66          4819.2902311607
    67          4952.3317101229
    68          5087.3841255953
    69          5224.4471606132
    70          5363.5202746488
    71          5504.6032192393
    72          5647.6955020719
    73          5792.7969336592
    74          5939.9070608305
    75          6089.0257453390
    76          6240.1525656734
    77          6393.2874285174
    78          6548.4299378057
    79          6705.5800399838
    80          6864.7373592374
    81          7025.9018775255
    82          7189.0732349128
    83          7354.2514453700
    84          7521.4361611365
    85          7690.6274253027
    86          7861.8248991238
    87          8035.0286524177
    88          8210.2383527439
    89          8387.4540946683
    90          8566.6755497121
    91          8747.9028355511
    92          8931.1356256307
    93          9116.3740593841
    94          9303.6178103971
    95          9492.8670387459
    96          9684.1214165839
    97          9877.3811237169
    98         10072.6458294707
    99         10269.9157326366
   100         10469.1904984655
   101         10670.4703441342
   102         10873.7549296965
   103         11079.0444902374
   104         11286.3386795972
   105         11495.6377503963
   106         11706.9413493339
   107         11920.2497462844
   108         12135.5625799532
   109         12352.8801372650
   110         12572.2020481431
   111         12793.5286164267
   112         13016.8594625228
   113         13242.1949071084
   114         13469.5345603857
   115         13698.8787598454
   116         13930.2271048354
   117         14163.5799496806
   118         14398.9368822584
   119         14636.2982737899
   120         14875.6637000933
   121         15117.0335493833
   122         15360.4073848540
   123         15605.7856118437
   124         15853.1677803772
   125         16102.5543130751
   126         16353.9447462636
   127         16607.3395200313
   128         16862.7381564903
   129         17120.1411134064
   130         17379.5478981733
   131         17640.9589864654
   132         17904.3738704619
   133         18169.7930439973
   134         18437.2159835481
   135         18706.6432013791
   136         18978.0741577809
   137         19251.5093837359
   138         19526.9483228685
   139         19804.3915251849
   140         20083.8384171650
   141         20365.2895681586
   142         20648.7443870249
   143         20934.2034627926
   144         21221.6661862234
   145         21511.1331663749
   146         21802.6037754338
   147         22096.0786428496
   148         22391.5571217544
   149         22689.0398623667
   150         22988.5261982817
   151         23290.0168008770
   152         23593.5109837250
   153         23899.0094397644
   154         24206.5114620549
   155         24516.0177655129
   156         24827.5276221893
   157         25141.0417694057
   158         25456.5594577046
   159         25774.0814472521
   160         26093.6069665758
   161         26415.1367991392
   162         26738.6701509407
   163         27064.2078292068
   164         27391.7490168860
   165         27721.2945454443
   166         28052.8435742522
   167         28386.3969595060
   168         28721.9538364595
   169         29059.5150865414
   170         29399.0798203451
   171         29740.6489450463
   172         30084.2215460208
   173         30429.7985567210
   174         30777.3790367406
   175         31126.9639463492
   176         31478.5523187836
   177         31832.1451416841
   178         32187.7414213443
   179         32545.3421733453
   180         32904.9463764391
   181         33266.5550747290
   182         33630.1672188166
   183         33995.7838819242
   184         34363.4039858814
   185         34733.0286336397
   186         35104.6567176234
   187         35478.2893711383
   188         35853.9254565553
   189         36231.5661381771
   190         36611.2102476591
   191         36992.8589809567
   192         37376.5111383351
   193         37762.1679480755
   194         38149.8281783620
   195         38539.4930904900
   196         38931.1614198578
   197         39324.8344614816
   198         39720.5109172500
   199         40118.1921166254
   200         40517.8767272486
   201         40919.5661137682
   202         41323.2589088236
   203         41728.9565130100
   204         42136.6575231896
   205         42546.3633766847
   206         42958.0726337911
   207         43371.7867693544
   208         43787.5043062936
   209         44205.2267577984
   210         44624.9526085796
   211         45046.6834110118
   212         45470.4176107465
   213         45896.1568002043
   214         46323.8993851070
   215         46753.6469988057
   216         47185.3980061970
   217         47619.1540824699
   218         48054.9135507819
   219         48492.6781290890
   220         48932.4460978697
   221         49374.2192188026
   222         49817.9957287239
   223         50263.7774340169
   224         50711.5625268844
   225         51161.3528594216
   226         51613.1465781848
   227         52066.9455820144
   228         52522.7479707779
   229         52980.5556911239
   230         53440.3667951617
   231         53902.1832784391
   232         54366.0031442073
   233         54831.8284380370
   234         55299.6571131938
   235         55769.4912664210
   236         56241.3287998399
   237         56715.1718625519
   238         57191.0183043428
   239         57668.8703278909
   240         58148.7257294186
   241         58630.5867664373
   242         59114.4511803466
   243         59600.3212847777
   244         60088.1947650126
   245         60578.0739921295
   246         61069.9565939596
   247         61563.8450003940
   248         62059.7367804400
   249         62557.6344242080
   250         63057.5354404700
   251         63559.4423810012
   252         64063.3526928858
   253         64569.2689910546
   254         65077.1886594066
   255         65587.1143775642
   256         66099.0434646982
   257         66612.9786667058
   258         67128.9172364416
   259         67646.8619877059
   260         68166.8101053999
   261         68688.7644729103
   262         69212.7222054966
   263         69738.6862578655
   264         70266.6536738927
   265         70796.6274813935
   266         71328.6046510660
   267         71862.5882856782
   268         72398.5752808991
   269         72936.5688163535
   270         73476.5657107672
   271         74018.5692225903
   272         74562.5760916328
   273         75108.5896571979
   274         75656.6065781428
   275         76206.6302767203
   276         76758.6573287307
   277         77312.6912415430
   278         77868.7285057243
   279         78426.7727159996
   280         78986.8202754572
   281         79548.8748684908
   282         80112.9328083858
   283         80678.9978715998
   284         81247.0662792111
   285         81817.1419022203
   286         82389.2208670100
   287         82963.3071416849
   288         83539.3967553640
   289         84117.4937759058
   290         84697.5941325016
   291         85279.7019955140
   292         85863.8131914471
   293         86449.9319960109
   294         87038.0541301696
   295         87628.1839779264
   296         88220.3171517469
   297         88814.4581469822
   298         89410.6024645299
   299         90008.7547142602
   300         90608.9102823219
   301         91211.0738963887
   302         91815.2408245613
   303         92421.4159157261
   304         93029.5943165143
   305         93639.7810005605
   306         94251.9709894732
   307         94866.1693853158
   308         95482.3710809787
   309         96100.5813107697
   310         96720.7948350315
   311         97343.0170242820
   312         97967.2425023309
   313         98593.4767800314
   314         99221.7143405188
   315         99851.9608392685
   316        100484.2106144346
   317        101118.4694705789
   318        101754.7315963888
   319        102393.0029501592
   320        103033.2775664465
   321        103675.5615621107
   322        104319.8488127208
   323        104966.1455987445
   324        105614.4456316944
   325        106264.7553609012
   326        106917.0683285454
   327        107571.3911582949
   328        108227.7172174957
   329        108886.0533098686
   330        109546.3926221811
   331        110208.7421441707
   332        110873.0948760338
   333        111539.4579997537
   334        112207.8243226953
   335        112878.2012255947
   336        113550.5813164436
   337        114224.9721815349
   338        114901.3662226498
   339        115579.7712387525
   340        116260.1794182604
   341        116942.5987802540
   342        117627.0212923044
   343        118313.4552014016
   344        119001.8922464312
   345        119692.3409104650
   346        120384.7926954865
   347        121079.2563292112
   348        121775.7230681108
   349        122474.2018935240
   350        123174.6838073819
   351        123877.1780540722
   352        124581.6753715006
   353        125288.1852770025
   354        125996.6982345063
   355        126707.2240446973
   356        127419.7528870546
   357        128134.2948565548
   358        128850.8398372261
   359        129569.3982298484
   360        130289.9596114102
   361        131012.5347006153
   362        131737.1127552196
   363        132463.7048246235
   364        133192.2998344928
   365        133922.9091783939
   366        134655.5214363457
   367        135390.1483602989
   368        136126.7781703078
   369        136865.4229917313
   370        137606.0706695324
   371        138348.7337183504
   372        139093.3995920850
   373        139840.0812114398
   374        140588.7656223399
   375        141339.4661693400
   376        142092.1694724762
   377        142846.8893190008
   378        143603.6118840723
   379        144362.3514176361
   380        145123.0936298352
   381        145885.8532545291
   382        146650.6155154573
   383        147417.3956529529
   384        148186.1783816172
   385        148956.9794722573
   386        149729.7831061454
   387        150504.6056101213
   388        151281.4306063603
   389        152060.2750049882
   390        152841.1218416032
   391        153623.9886387057
   392        154408.8578159829
   393        155195.7475393848
   394        155984.6395813468
   395        156775.5527845175
   396        157568.4682405301
   397        158363.4055043593
   398        159160.3449508908
   399        159959.3068856208
   400        160760.2709281409
   401        161563.2581755023
   402        162368.2474505739
   403        163175.2606860923
   404        163984.2758636560
   405        164795.3157992083
   406        165608.3575850827
   407        166423.4249716933
   408        167240.4941103240
   409        168059.5897412502
   410        168880.6870187371
   411        169703.8117328686
   412        170528.9379803097
   413        171356.0926659213
   414        172185.2487630924
   415        173016.4343620270
   416        173849.6212414832
   417        174684.8387537719
   418        175522.0574053724
   419        176361.3078943949
   420        177202.5593703642
   421        178045.8439686060
   422        178891.1293891747
   423        179738.4493046773
   424        180587.7698643803
   425        181439.1263879811
   426        182292.4833627481
   427        183147.8778762281
   428        184005.2726313488
   429        184864.7066166484
   430        185726.1406157665
   431        186589.6156654258
   432        187455.0904807293
   433        188322.6083097618
   434        189192.1256335713
   435        190063.6880930238
   436        190937.2497510016
   437        191812.8588434989
   438        192690.4668097791
   439        193570.1247074100
   440        194451.7811220106
   441        195335.4901870099
   442        196221.1973759236
   443        197108.9601846955
   444        197998.7206832231
   445        198890.5400543821
   446        199784.3566343223
   447        200680.2356616122
   448        201578.1113631549
   449        202478.0534542983
   450        203379.9916236115
   451        204284.0005464576
   452        205190.0048802800
   453        206098.0848179811
   454        207008.1594168543
   455        207920.3150343115
   456        208834.4644665851
   457        209750.7009910837
   458        210668.9303704551
   459        211589.2536903687
   460        212511.5687705990
   461        213435.9855572879
   462        214362.3928489480
   463        215290.9107088661
   464        216221.4176246393
   465        217154.0452912151
   466        218088.6603287014
   467        219025.4079073830
   468        219964.1408818312
   469        220905.0201672753
   470        221847.8825117394
   471        222792.9074046655
   472        223739.9125627972
   473        224689.0996271496
   474        225640.2635755496
   475        226593.6327976936
   476        227548.9747532152
   477        228506.5505992079
   478        229466.0939962231
   479        230427.9069216722
   480        231391.6807932512
   481        232357.7694631057
   482        233325.8104422765
   483        234296.2251066102
   484        235268.5804072437
   485        236243.3882461235
   486        237220.1201827636
   487        238199.4141224592
   488        239180.6072863282
   489        240164.5216117130
   490        241150.2903305407
   491        242139.0242202216
   492        243129.5346288815
   493        244123.4090091968
   494        245118.6150048897
   495        246117.3306599823
   496        247118.2049797445
   497        248117.2079448333
   498        249115.4904800509
   499        249979.1040304087
   500        251306.7209289100
   501        252354.6212152442
